/*--------------------------------*- C++ -*----------------------------------*\
  =========                 |
  \\      /  F ield         | OpenFOAM: The Open Source CFD Toolbox
   \\    /   O peration     | Website:  https://openfoam.org
    \\  /    A nd           | Version:  12
     \\/     M anipulation  |
\*---------------------------------------------------------------------------*/
FoamFile
{
    format      ascii;
    class       cellSet;
    location    "constant/polyMesh/sets";
    object      rail;
}
// * * * * * * * * * * * * * * * * * * * * * * * * * * * * * * * * * * * * * //


300
(
3250 
3251 
3252 
3253 
3254 
3255 
3256 
3257 
3258 
3259 
3260 
3261 
3262 
3263 
3264 
3265 
3266 
3267 
3268 
3269 
3270 
3271 
3272 
3273 
3274 
3275 
3276 
3277 
3278 
3279 
3280 
3281 
3282 
3283 
3284 
3285 
3286 
3287 
3288 
3289 
3290 
3291 
3292 
3293 
3294 
3295 
3296 
3297 
3298 
3299 
3300 
3301 
3302 
3303 
3304 
3305 
3306 
3307 
3308 
3309 
3310 
3311 
3312 
3313 
3314 
3315 
3316 
3317 
3318 
3319 
3320 
3321 
3322 
3323 
3324 
3325 
3326 
3327 
3328 
3329 
3330 
3331 
3332 
3333 
3334 
3335 
3336 
3337 
3338 
3339 
3340 
3341 
3342 
3343 
3344 
3345 
3346 
3347 
3348 
3349 
3450 
3451 
3452 
3453 
3454 
3455 
3456 
3457 
3458 
3459 
3460 
3461 
3462 
3463 
3464 
3465 
3466 
3467 
3468 
3469 
3470 
3471 
3472 
3473 
3474 
3475 
3476 
3477 
3478 
3479 
3480 
3481 
3482 
3483 
3484 
3485 
3486 
3487 
3488 
3489 
3490 
3491 
3492 
3493 
3494 
3495 
3496 
3497 
3498 
3499 
3500 
3501 
3502 
3503 
3504 
3505 
3506 
3507 
3508 
3509 
3510 
3511 
3512 
3513 
3514 
3515 
3516 
3517 
3518 
3519 
3520 
3521 
3522 
3523 
3524 
3525 
3526 
3527 
3528 
3529 
3530 
3531 
3532 
3533 
3534 
3535 
3536 
3537 
3538 
3539 
3540 
3541 
3542 
3543 
3544 
3545 
3546 
3547 
3548 
3549 
3650 
3651 
3652 
3653 
3654 
3655 
3656 
3657 
3658 
3659 
3660 
3661 
3662 
3663 
3664 
3665 
3666 
3667 
3668 
3669 
3670 
3671 
3672 
3673 
3674 
3675 
3676 
3677 
3678 
3679 
3680 
3681 
3682 
3683 
3684 
3685 
3686 
3687 
3688 
3689 
3690 
3691 
3692 
3693 
3694 
3695 
3696 
3697 
3698 
3699 
3700 
3701 
3702 
3703 
3704 
3705 
3706 
3707 
3708 
3709 
3710 
3711 
3712 
3713 
3714 
3715 
3716 
3717 
3718 
3719 
3720 
3721 
3722 
3723 
3724 
3725 
3726 
3727 
3728 
3729 
3730 
3731 
3732 
3733 
3734 
3735 
3736 
3737 
3738 
3739 
3740 
3741 
3742 
3743 
3744 
3745 
3746 
3747 
3748 
3749 
)

// ************************************************************************* //
